934854317029081218
934854317918281778
934854318627127346
934854319747006575
934854321101742090
934854322120953926
934854323073060894
934854324167778375
934854325220556800
934854326436900965
934854327699378247
934854329079324732
934854330211770388
934854331218415636
934854331914666075
934854333491712040
934854334494171156
934854335429496932
934854336427737189
934858947716861962
934860262400491520
934866581752807494
934866582184812584
934866582855884871
934866583657009202
934866584370032671
934866585213104228
