931251818711900210
934859687277518870
934857676045844560
934854315372318770
934854314478960771
934854313686237244
934854312859938857
934854311924604958
934854311115100231
934854309273821234
934854308351070278
934854307264757842
934854306711101530
934854305930940466
934854305016586250
934854303686987848
934854302701322293
934854296586059826
934853947502514198
931581125678215169
931569818392481802
931569817696227388
931548613690163221
931548610607345684
931548609772671016
931547047084044368
931251818711900219
931251818711900217
931251818711900218
931569096984789095
931251818741264389
931251818741264392
931251818741264390
931251818741264391
931262353574600704
931544731790503986
931549369126252544
931251818766422016
931547086867034173
931251818766422017
934854310142033991
934771528166416434
934854297433292800
